-81.783	24.555
-80.294	25.707
-80.299	25.87
-81.729	25.972
-80.144	26.122
-98.23	26.203
-97.928	26.298
-81.802	26.467
-80.12	26.691
-82.29	26.883
-82.454	27.099
-81.363	27.293
-82.709	27.497
-97.748	27.674
-81.981	27.795
-81.974	27.895
-81.878	27.965
-81.619	28.022
-80.566	28.089
-97.32	28.238
-99.235	28.437
-81.633	28.555
-96.892	28.648
-96.217	28.708
-81.769	28.84
-81.299	28.949
-82.669	29.03
-95.645	29.144
-97.152	29.288
-95.838	29.399
-98.451	29.475
-95.201	29.529
-98.14	29.571
-81.891	29.624
-96.903	29.682
-90.124	29.723
-96.157	29.781
-90.956	29.837
-90.142	29.906
-85.418	29.948
-93.958	29.991
-90.69	30.047
-96.078	30.097
-94.739	30.152
-93.581	30.191
-93.014	30.237
-91.234	30.289
-92.049	30.317
-88.556	30.366
-86.619	30.406
-84.976	30.432
-83.63	30.469
-90.748	30.502
-87.752	30.545
-97.297	30.59
-87.04	30.632
-101.2	30.71
-86.571	30.762
-88.071	30.821
-85.162	30.87
-90.509	30.938
-92.053	30.984
-82.747	31.036
-88.228	31.091
-92.066	31.128
-94.781	31.187
-85.723	31.236
-82.242	31.306
-93.847	31.341
-97.684	31.39
-83.509	31.45
-82.85	31.509
-90.107	31.554
-83.251	31.594
-93.644	31.631
-83.653	31.706
-103.159	31.751
-95.15	31.796
-88.699	31.86
-87.736	31.913
-89.287	31.979
-92.139	32.026
-98.342	32.085
-99.165	32.126
-81.904	32.161
-82.414	32.218
-83.737	32.261
-84.028	32.305
-89.163	32.321
-96.101	32.366
-98.817	32.401
-80.724	32.436
-83.732	32.458
-94.74	32.501
-92.514	32.53
-85.87	32.55
-96.309	32.589
-83.6	32.621
-107.153	32.665
-92.657	32.699
-94.942	32.729
-111.554	32.756
-91.914	32.779
-97.269	32.799
-97.17	32.823
-115.569	32.848
-93.987	32.871
-94.556	32.9
-82.812	32.936
-86.747	32.96
-115.529	32.979
-81.309	33.008
-92.183	33.039
-109.365	33.079
-94.164	33.114
-117.165	33.143
-86.607	33.178
-94.68	33.203
-96.801	33.236
-89.291	33.267
-96.986	33.304
-105.604	33.329
-81.271	33.358
-84.8	33.381
-82.313	33.414
-86.947	33.434
-88.818	33.45
-95.214	33.471
-102.009	33.506
-81.945	33.531
-81.804	33.551
-83.894	33.575
-112.302	33.594
-80.351	33.608
-85.844	33.621
-84.326	33.645
-95.386	33.661
-78.887	33.689
-90.551	33.726
-116.971	33.748
-117.941	33.774
-84.306	33.79
-102.163	33.811
-116.544	33.83
-96.502	33.853
-117.924	33.87
-84.143	33.89
-98.493	33.914
-86.023	33.924
-90.945	33.944
-118.041	33.961
-118.032	33.979
-117.516	33.993
-95.509	34.011
-117.864	34.02
-117.943	34.045
-93.69	34.062
-118.399	34.074
-118.105	34.096
-94.016	34.119
-117.864	34.136
-118.651	34.16
-102.134	34.183
-83.031	34.205
-80.689	34.227
-80.607	34.246
-81.619	34.274
-89.944	34.311
-79.166	34.346
-84.934	34.369
-82.247	34.398
-84.7	34.436
-82.671	34.471
-82.014	34.499
-83.527	34.511
-112.468	34.54
-80.902	34.575
-98.39	34.609
-97.817	34.638
-106.776	34.663
-91.314	34.693
-82.781	34.724
-95.048	34.751
-79.463	34.774
-86.972	34.803
-82.602	34.83
-118.163	34.864
-79.694	34.885
-91.11	34.913
-83.777	34.933
-95.08	34.951
-87.371	34.969
-106.049	34.99
-91.251	35.008
-78.795	35.032
-94.623	35.054
-96.399	35.08
-120.611	35.099
-95.371	35.123
-96.67	35.146
-106.642	35.162
-77.321	35.187
-86.079	35.21
-100.599	35.233
-94.62	35.241
-88.988	35.256
-81.21	35.275
-93.634	35.293
-81.176	35.316
-94.173	35.336
-81.929	35.36
-119.109	35.383
-80.117	35.406
-81.502	35.429
-93.388	35.441
-85.654	35.467
-82.989	35.489
-97.762	35.507
-108.742	35.528
-98.578	35.549
-80.81	35.585
-77.373	35.611
-82.582	35.633
-82.026	35.658
-105.937	35.687
-78.614	35.711
-80.677	35.733
-83.971	35.756
-83.554	35.788
-76.897	35.811
-96.391	35.831
-92.118	35.868
-77.536	35.897
-85.464	35.926
-75.624	35.957
-88.941	35.981
-93.186	36.008
-88.244	36.038
-102.513	36.059
-93.741	36.086
-84.132	36.103
-86.766	36.117
-120.359	36.14
-81.872	36.163
-89.656	36.193
-119.346	36.208
-88.824	36.233
-89.192	36.259
-83.515	36.281
-88.327	36.302
-86.713	36.323
-109.617	36.353
-92.581	36.384
-100.802	36.4
-94.453	36.422
-83.6	36.443
-82.261	36.474
-88.874	36.504
-87.359	36.53
-82.468	36.556
-77.2	36.583
-121.894	36.6
-95.154	36.639
-93.869	36.677
-78.1	36.7
-84.471	36.723
-86.191	36.753
-89.386	36.78
-89.861	36.813
-89.685	36.847
-95.096	36.874
-93.571	36.905
-94.004	36.944
-82.923	36.966
-86.444	36.99
-91.323	37.01
-94.473	37.041
-95.359	37.06
-81.855	37.087
-89.198	37.114
-92.263	37.131
-92.941	37.158
-85.907	37.179
-93.84	37.215
-87.159	37.237
-76.018	37.268
-79.897	37.281
-89.518	37.306
-82.721	37.333
-108.585	37.349
-89.666	37.382
-102.614	37.408
-122.253	37.43
-122.197	37.461
-100.843	37.482
-95.661	37.524
-87.984	37.547
-85.74	37.574
-120.865	37.597
-104.78	37.624
-98.113	37.646
-95.457	37.679
-122.085	37.694
-122.155	37.725
-84.295	37.748
-81.209	37.771
-81.266	37.783
-122.27	37.804
-121.276	37.823
-94.708	37.84
-84.662	37.862
-89.495	37.888
-95.17	37.916
-86.902	37.937
-80.69	37.963
-101.133	37.98
-103.531	37.997
-122.288	38.017
-77.347	38.049
-97.345	38.072
-81.324	38.099
-121.271	38.13
-121.242	38.152
-94.711	38.178
-88.684	38.198
-85.74	38.213
-97.773	38.232
-76.964	38.254
-85.584	38.272
-122.457	38.292
-122.481	38.314
-85.654	38.334
-94.761	38.35
-86.345	38.376
-94.351	38.398
-80.558	38.409
-90.378	38.433
-75.578	38.456
-76.778	38.481
-121.408	38.496
-88.005	38.521
-82.683	38.537
-90.493	38.549
-77.328	38.568
-98.411	38.587
-89.807	38.604
-87.354	38.615
-90.319	38.629
-90.093	38.65
-86.791	38.666
-93.093	38.68
-90.287	38.691
-77.228	38.704
-87.861	38.717
-87.682	38.729
-108.068	38.742
-82.869	38.755
-112.083	38.773
-82.979	38.786
-76.99	38.803
-76.946	38.814
-77.197	38.83
-90.076	38.848
-77.156	38.872
-89.845	38.889
-86.525	38.901
-88.661	38.921
-74.906	38.935
-119.97	38.946
-89.094	38.961
-97.022	38.972
-94.671	38.982
-90.738	38.997
-76.876	39.004
-94.281	39.017
-77.077	39.026
-76.908	39.035
-95.678	39.048
-108.55	39.064
-76.958	39.076
-84.548	39.093
-87.656	39.109
-90.328	39.12
-75.525	39.132
-77.202	39.143
-74.693	39.153
-87.199	39.163
-93.88	39.185
-83.612	39.202
-84.456	39.215
-84.378	39.232
-114.888	39.248
-84.82	39.262
-88.244	39.274
-83.989	39.293
-102.269	39.306
-83.691	39.324
-78.757	39.342
-93.496	39.358
-104.856	39.372
-86.563	39.395
-121.712	39.413
-77.804	39.43
-89.781	39.446
-76.83	39.469
-90.371	39.484
-78.769	39.503
-74.486	39.521
-80.344	39.531
-94.33	39.548
-76.072	39.56
-75.589	39.578
-110.81	39.599
-75.834	39.607
-111.439	39.626
-106.374	39.64
-81.862	39.649
-83.735	39.658
-89.704	39.676
-77.745	39.693
-91.207	39.707
-82.987	39.718
-104.323	39.738
-92.564	39.747
-89.654	39.757
-99.031	39.767
-75.979	39.785
-87.986	39.799
-77.012	39.807
-75.156	39.817
-75.415	39.828
-75.074	39.839
-86.802	39.849
-75.345	39.86
-75.065	39.877
-90.008	39.888
-79.747	39.893
-75.35	39.902
-75.388	39.917
-74.944	39.929
-75.256	39.939
-86.262	39.951
-75.606	39.961
-81.537	39.97
-77.25	39.983
-86.62	39.996
-75.015	40.011
-80.1	40.025
-88.957	40.036
-86.469	40.048
-87.638	40.061
-79.898	40.076
-87.06	40.088
-79.587	40.1
-76.504	40.11
-84.354	40.117
-79.867	40.125
-99.829	40.138
-74.214	40.15
-79.067	40.16
-80.238	40.174
-79.824	40.183
-88.404	40.195
-75.1	40.207
-94.538	40.218
-104.072	40.231
-76.057	40.241
-99.633	40.248
-96.747	40.268
-76.848	40.275
-87.294	40.288
-75.181	40.299
-75.966	40.308
-74.016	40.318
-79.641	40.329
-76.476	40.337
-74.659	40.349
-74.039	40.361
-75.202	40.372
-86.089	40.379
-111.85	40.392
-80.033	40.396
-73.992	40.404
-79.02	40.414
-74.561	40.421
-74.2	40.433
-75.342	40.442
-74.361	40.459
-95.733	40.474
-75.758	40.482
-79.861	40.493
-85.826	40.508
-92.528	40.521
-83.521	40.534
-80.193	40.551
-87.893	40.565
-81.086	40.573
-79.532	40.586
-79.556	40.596
-95.658	40.604
-85.505	40.617
-103.207	40.626
-104.755	40.636
-102.626	40.641
-89.591	40.647
-74.3	40.658
-74.265	40.664
-84.519	40.673
-122.37	40.681
-80.272	40.687
-73.426	40.698
-83.921	40.706
-73.322	40.716
-81.522	40.724
-73.186	40.732
-75.31	40.74
-89.574	40.747
-86.069	40.754
-82.59	40.759
-74.146	40.768
-97.05	40.774
-76.231	40.784
-83.643	40.789
-89.197	40.796
-72.79	40.8
-73.704	40.807
-80.014	40.818
-78.351	40.825
-115.762	40.833
-72.582	40.841
-76.82	40.849
-73.47	40.857
-76.553	40.864
-75.255	40.869
-73.577	40.876
-121.66	40.883
-74.195	40.89
-74.093	40.899
-84.297	40.906
-84.703	40.917
-73.963	40.925
-72.415	40.933
-73.07	40.946
-74.498	40.957
-76.613	40.963
-73.684	40.981
-72.535	40.991
-79.332	41.002
-81.863	41.01
-95.799	41.019
-89.438	41.029
-96.368	41.039
-80.608	41.053
-89.773	41.062
-73.47	41.079
-89.865	41.094
-72.36	41.103
-90.164	41.115
-74.17	41.124
-95.891	41.137
-73.99	41.148
-81.454	41.159
-111.976	41.173
-80.766	41.183
-90.587	41.203
-80.497	41.212
-96.488	41.228
-85.853	41.238
-83.236	41.246
-80.472	41.259
-98.966	41.276
-81.097	41.284
-72.377	41.292
-90.193	41.304
-96.346	41.313
-83.439	41.324
-80.726	41.33
-86.31	41.344
-71.967	41.354
-85.239	41.366
-76.025	41.383
-73.618	41.397
-92.916	41.408
-87.742	41.42
-88.229	41.429
-81.864	41.441
-81.664	41.45
-122.894	41.457
-81.145	41.471
-86.692	41.481
-87.568	41.488
-72.901	41.499
-88.114	41.506
-83.804	41.519
-88.082	41.525
-81.579	41.533
-87.685	41.543
-84.769	41.556
-91.264	41.57
-92.845	41.578
-88.922	41.589
-80.306	41.603
-90.173	41.614
-79.674	41.627
-85.922	41.638
-88.622	41.646
-70.817	41.658
-111.181	41.666
-90.34	41.675
-85.977	41.682
-74.052	41.695
-70.25	41.702
-89.329	41.714
-91.79	41.723
-111.834	41.736
-77.301	41.749
-87.8	41.763
-88.774	41.772
-88.147	41.786
-86.611	41.799
-87.793	41.809
-90.648	41.824
-94.107	41.839
-87.964	41.85
-80.79	41.865
-93.823	41.877
-87.989	41.89
-87.857	41.901
-86.01	41.912
-91.417	41.922
-87.989	41.932
-73.511	41.954
-85.325	41.958
-88.007	41.975
-73.989	41.986
-76.538	41.998
-91.644	42.008
-94.545	42.023
-91.682	42.036
-72.583	42.05
-86.495	42.065
-70.881	42.075
-85.235	42.089
-79.236	42.097
-85.974	42.108
-85.533	42.12
-75.897	42.133
-84.038	42.15
-83.403	42.163
-78.948	42.173
-87.866	42.193
-83.485	42.205
-83.194	42.214
-92.874	42.225
-83.27	42.241
-88.608	42.249
-88.139	42.259
-104.741	42.27
-94.291	42.281
-79.1	42.294
-75.392	42.315
-79.578	42.322
-83.046	42.331
-71.553	42.346
-87.845	42.364
-97.357	42.379
-91.761	42.394
-71.054	42.408
-94.989	42.422
-82.877	42.437
-71.225	42.447
-95.152	42.461
-92.281	42.469
-71.153	42.479
-92.343	42.493
-83.184	42.503
-71.76	42.525
-78.423	42.534
-75.246	42.549
-77.59	42.568
-76.209	42.582
-72.227	42.596
-95.003	42.606
-113.676	42.619
-70.783	42.632
-92.463	42.646
-71.706	42.667
-89.019	42.683
-87.894	42.698
-78.006	42.716
-97.495	42.729
-124.496	42.746
-71.468	42.765
-87.766	42.784
-112.253	42.796
-89.635	42.814
-108.73	42.833
-72.558	42.851
-91.236	42.869
-71.328	42.881
-75.641	42.899
-85.792	42.907
-89.384	42.926
-88.049	42.938
-77.591	42.952
-91.808	42.963
-70.948	42.981
-78.188	42.998
-89.738	43.009
-96.631	43.021
-87.906	43.039
-91.389	43.052
-124.138	43.065
-76.001	43.076
-76.87	43.084
-71.466	43.097
-88.069	43.106
-85.56	43.12
-95.144	43.141
-123.367	43.161
-73.058	43.177
-84.115	43.185
-77.693	43.21
-76.301	43.231
-75.257	43.242
-73.585	43.267
-85.081	43.293
-96.432	43.307
-78.555	43.33
-92.554	43.364
-87.876	43.387
-124.223	43.407
-82.83	43.42
-93.221	43.444
-111.966	43.47
-87.85	43.5
-84.123	43.525
-85.772	43.55
-93.281	43.573
-83.175	43.601
-75.368	43.625
-90.344	43.652
-94.619	43.667
-112.01	43.696
-98.485	43.716
-87.977	43.749
-89.32	43.791
-96.706	43.826
-92.189	43.846
-116.498	43.874
-85.258	43.901
-94.929	43.939
-90.504	43.979
-91.442	44.006
-88.163	44.029
-123.086	44.052
-98.569	44.079
-94.904	44.11
-72.038	44.152
-73.436	44.184
-123.204	44.219
-86.324	44.244
-94.187	44.276
-90.851	44.295
-88.163	44.326
-86.205	44.364
-88.74	44.393
-89.78	44.424
-93.161	44.458
-73.111	44.491
-99.441	44.521
-68.42	44.543
-96.902	44.575
-93.768	44.623
-83.295	44.656
-69.791	44.713
-88.445	44.74
-94.895	44.768
-95.097	44.792
-92.071	44.813
-93.787	44.851
-68.673	44.883
-93.566	44.903
-74.892	44.928
-88.047	44.951
-93.604	44.971
-72.4	44.994
-95.238	45.016
-93.156	45.05
-93.456	45.073
-93.208	45.105
-122.854	45.144
-69.228	45.183
-88.008	45.233
-122.333	45.29
-85.258	45.318
-122.606	45.358
-122.752	45.402
-122.529	45.447
-89.73	45.471
-100.032	45.506
-117.916	45.565
-123.942	45.614
-122.56	45.667
-107.611	45.733
-92.381	45.786
-100.069	45.835
-122.806	45.89
-102.636	46.001
-97.151	46.076
-122.937	46.138
-97.662	46.226
-118.152	46.271
-91.822	46.353
-105.84	46.408
-89.94	46.475
-93.71	46.533
-90.884	46.593
-68.016	46.681
-89.584	46.754
-119.174	46.826
-96.789	46.877
-104.004	46.918
-120.547	46.997
-101.299	47.116
-120.938	47.196
-122.443	47.253
-122.002	47.309
-110.925	47.386
-115.927	47.474
-92.138	47.52
-116.181	47.543
-122.199	47.611
-118.149	47.654
-116.951	47.718
-97.109	47.774
-121.97	47.856
-99.53	47.963
-109.048	48.098
-114.275	48.226
-107.874	48.36
-122.324	48.476
-93.411	48.601
-104.562	48.775
-119.434	48.939
