-81.783	24.555
-80.515	25.011
-80.383	25.562
-80.311	25.615
-80.294	25.707
-80.328	25.754
-80.303	25.81
-80.193	25.855
-80.299	25.87
-80.187	25.89
-80.329	25.931
-80.123	25.95
-81.729	25.972
-80.224	26.003
-80.232	26.064
-97.957	26.092
-80.144	26.122
-81.795	26.142
-80.139	26.16
-97.696	26.19
-98.23	26.203
-97.582	26.235
-97.734	26.248
-98.313	26.287
-97.928	26.298
-81.779	26.339
-80.066	26.399
-98.014	26.442
-81.802	26.467
-80.054	26.566
-80.126	26.623
-80.716	26.664
-80.12	26.691
-80.951	26.737
-80.058	26.775
-80.666	26.82
-82.29	26.883
-82.046	26.929
-81.984	26.961
-82.424	27.053
-82.454	27.099
-80.266	27.168
-80.27	27.217
-80.83	27.244
-81.363	27.293
-98.123	27.36
-82.591	27.425
-82.686	27.469
-82.709	27.497
-97.856	27.516
-82.561	27.536
-81.506	27.596
-97.748	27.674
-82.433	27.721
-81.802	27.752
-80.602	27.768
-81.981	27.795
-82.778	27.814
-80.493	27.836
-97.324	27.877
-81.974	27.895
-97.15	27.909
-82.843	27.923
-82.459	27.947
-81.878	27.965
-81.614	27.979
-82.22	27.994
-82.113	28.018
-81.619	28.022
-82.389	28.035
-97.041	28.061
-80.68	28.072
-80.566	28.089
-81.974	28.114
-80.589	28.149
-81.824	28.182
-97.32	28.238
-81.408	28.292
-82.275	28.336
-97.748	28.401
-99.235	28.437
-82.172	28.466
-81.331	28.503
-81.461	28.538
-81.633	28.555
-81.544	28.569
-81.394	28.591
-81.381	28.614
-96.892	28.648
-81.419	28.661
-99.17	28.667
-81.328	28.678
-96.217	28.708
-81.115	28.739
-82.615	28.781
-81.726	28.804
-81.769	28.84
-82.039	28.865
-81.264	28.9
-98.546	28.918
-81.299	28.949
-96.646	28.978
-98.017	28.983
-95.399	29.024
-82.669	29.03
-98.568	29.04
-95.41	29.056
-81.352	29.119
-95.645	29.144
-82.14	29.187
-81.023	29.211
-81.466	29.239
-97.152	29.288
-96.103	29.311
-81.067	29.349
-82.198	29.366
-95.838	29.399
-81.511	29.43
-82.643	29.448
-95.358	29.463
-98.451	29.475
-94.922	29.483
-81.592	29.5
-95.095	29.507
-95.201	29.529
-90.338	29.543
-98.269	29.552
-98.227	29.561
-98.14	29.571
-98.491	29.582
-98.033	29.592
-95.558	29.616
-81.891	29.624
-82.607	29.646
-94.89	29.662
-90.108	29.667
-96.903	29.682
-95.209	29.691
-96.78	29.703
-95.437	29.706
-90.124	29.723
-94.977	29.735
-95.363	29.763
-94.683	29.773
-96.157	29.781
-82.168	29.789
-82.494	29.796
-95.056	29.819
-90.956	29.837
-89.991	29.855
-97.67	29.885
-90.1	29.899
-90.142	29.906
-95.062	29.912
-90.366	29.932
-91.025	29.94
-85.418	29.948
-90.005	29.954
-91.203	29.965
-90.388	29.978
-93.958	29.991
-90.412	29.999
-93.846	30.021
-94.424	30.036
-90.69	30.047
-90.552	30.054
-90.48	30.066
-97.84	30.085
-96.078	30.097
-94.052	30.103
-94.643	30.113
-94.015	30.131
-94.739	30.152
-96.398	30.167
-84.375	30.176
-96.936	30.183
-93.581	30.191
-91.832	30.214
-97.803	30.226
-92.094	30.236
-93.014	30.237
-87.701	30.246
-91.899	30.273
-98.412	30.277
-91.234	30.289
-93.743	30.298
-104.019	30.308
-91.79	30.313
-92.049	30.317
-81.399	30.334
-97.37	30.349
-87.164	30.357
-88.556	30.366
-84.301	30.376
-96.088	30.388
-91.931	30.398
-86.619	30.406
-91.434	30.411
-97.011	30.419
-87.252	30.425
-84.976	30.432
-88.544	30.44
-85.689	30.444
-86.638	30.456
-83.63	30.469
-88.342	30.476
-92.851	30.485
-91.519	30.491
-90.748	30.502
-97.679	30.508
-87.273	30.519
-91.753	30.537
-87.752	30.545
-91.954	30.56
-97.409	30.571
-87.291	30.581
-97.297	30.59
-87.161	30.599
-92.057	30.616
-85.712	30.623
-87.04	30.632
-91.156	30.648
-92.271	30.688
-88.043	30.694
-101.2	30.71
-97.443	30.718
-91.594	30.738
-84.484	30.749
-86.571	30.762
-85.227	30.774
-83.56	30.785
-97.425	30.795
-88.071	30.821
-83.279	30.833
-93.289	30.846
-96.977	30.853
-85.162	30.87
-84.324	30.883
-84.576	30.904
-93.282	30.92
-90.509	30.938
-87.151	30.953
-83.738	30.96
-92.585	30.976
-92.053	30.984
-87.261	31
-86.35	31.01
-96.485	31.026
-82.747	31.036
-85.305	31.049
-92.121	31.059
-96.978	31.073
-88.228	31.091
-85.697	31.102
-88.827	31.109
-97.728	31.117
-92.066	31.128
-89.41	31.143
-88.558	31.156
-84.733	31.171
-94.781	31.187
-89.035	31.202
-83.25	31.207
-98.393	31.217
-85.723	31.236
-100.817	31.262
-86.326	31.279
-85.112	31.293
-82.242	31.306
-92.445	31.311
-85.494	31.319
-94.729	31.338
-93.847	31.341
-85.342	31.351
-89.306	31.364
-83.223	31.385
-97.684	31.39
-92.412	31.415
-87.401	31.433
-93.457	31.444
-83.509	31.45
-90.85	31.463
-83.647	31.472
-82.017	31.486
-82.85	31.509
-92.707	31.519
-94.106	31.53
-110.756	31.539
-90.107	31.554
-91.426	31.565
-84.156	31.578
-95.849	31.585
-83.251	31.594
-85.719	31.6
-85.047	31.609
-96.284	31.627
-93.644	31.631
-95.073	31.65
-88.646	31.675
-106.207	31.693
-83.653	31.706
-91.061	31.711
-99.132	31.717
-84.171	31.732
-103.159	31.751
-93.086	31.761
-81.633	31.774
-81.608	31.784
-95.15	31.796
-92.33	31.819
-99.426	31.827
-102.367	31.846
-88.699	31.86
-85.45	31.878
-100.484	31.892
-84.252	31.9
-87.736	31.913
-81.929	31.936
-99.962	31.956
-95.27	31.964
-89.287	31.979
-90.357	31.987
-102.078	31.997
-93.342	32.015
-92.139	32.026
-82.508	32.036
-92.109	32.05
-91.241	32.073
-98.342	32.085
-95.472	32.088
-96.469	32.095
-83.501	32.11
-99.165	32.126
-81.622	32.136
-95.12	32.144
-90.131	32.153
-81.904	32.161
-82.109	32.181
-83.178	32.198
-95.855	32.205
-82.414	32.218
-95.225	32.227
-84.309	32.238
-94.455	32.243
-83.737	32.261
-89.986	32.273
-93.824	32.282
-84.061	32.294
-84.028	32.305
-96.006	32.307
-106.778	32.312
-89.026	32.318
-89.163	32.321
-96.151	32.334
-97.386	32.348
-90.878	32.353
-96.101	32.366
-82.593	32.377
-96.848	32.386
-99.394	32.394
-98.817	32.401
-87.021	32.407
-104.228	32.421
-80.67	32.431
-80.724	32.436
-82.215	32.442
-100.538	32.446
-87.514	32.449
-83.732	32.458
-86.46	32.464
-100.406	32.471
-80.981	32.481
-94.74	32.501
-95.409	32.516
-96.804	32.518
-93.75	32.525
-92.514	32.53
-92.788	32.534
-82.904	32.54
-93.053	32.544
-85.87	32.55
-84.238	32.557
-97.362	32.579
-117.112	32.584
-96.309	32.589
-96.756	32.592
-110.63	32.6
-110.77	32.611
-83.6	32.621
-86.034	32.635
-85.378	32.645
-83.76	32.654
-107.153	32.665
-84.539	32.678
-117.182	32.686
-93.742	32.695
-92.657	32.699
-87.596	32.704
-116.875	32.717
-110.64	32.723
-94.942	32.729
-80.242	32.734
-117.031	32.743
-96.472	32.748
-111.554	32.756
-84.875	32.758
-80.25	32.763
-89.117	32.771
-91.914	32.779
-84.562	32.787
-115.562	32.792
-116.962	32.795
-97.269	32.799
-91.17	32.804
-83.173	32.811
-82.235	32.819
-97.17	32.823
-109.707	32.834
-116.973	32.838
-87.888	32.841
-115.569	32.848
-100.465	32.852
-116.921	32.857
-82.404	32.867
-93.987	32.871
-111.757	32.879
-89.971	32.884
-96.029	32.894
-94.556	32.9
-93.697	32.905
-80.022	32.918
-96.459	32.931
-82.812	32.936
-103.348	32.944
-112.716	32.948
-95.29	32.957
-86.747	32.96
-101.832	32.964
-110.776	32.972
-96.595	32.976
-115.529	32.979
-80.11	32.986
-97.543	32.995
-82.411	33.001
-81.309	33.008
-96.613	33.015
-117.202	33.02
-83.938	33.034
-92.183	33.039
-110.91	33.057
-86.053	33.066
-106.018	33.074
-109.365	33.079
-82.016	33.09
-93.461	33.1
-88.561	33.105
-94.164	33.114
-117.086	33.119
-115.513	33.126
-100.227	33.133
-117.165	33.143
-85.372	33.151
-98.385	33.161
-101.793	33.167
-86.607	33.178
-102.274	33.181
-95.221	33.189
-117.379	33.196
-94.68	33.203
-84.744	33.21
-117.033	33.218
-86.484	33.234
-96.801	33.236
-86.816	33.244
-100.573	33.248
-93.885	33.261
-89.291	33.267
-82.976	33.276
-111.096	33.294
-86.844	33.296
-96.986	33.304
-89.173	33.31
-87.903	33.32
-96.784	33.324
-105.604	33.329
-102.206	33.337
-84.109	33.346
-84.777	33.351
-81.271	33.358
-97.174	33.363
-96.069	33.371
-117.25	33.376
-84.8	33.381
-80.348	33.394
-86.954	33.402
-91.062	33.41
-82.313	33.414
-99.819	33.418
-111.822	33.422
-94.106	33.427
-86.947	33.434
-86.106	33.436
-84.147	33.447
-99.623	33.449
-88.818	33.45
-81.126	33.452
-86.909	33.461
-96.918	33.467
-95.214	33.471
-80.856	33.492
-90.32	33.495
-117.742	33.501
-102.009	33.506
-96.392	33.513
-96.484	33.52
-117.707	33.523
-81.945	33.531
-85.253	33.538
-89.124	33.54
-105.572	33.545
-81.804	33.551
-80.715	33.558
-96.911	33.561
-84.581	33.567
-83.894	33.575
-101.855	33.578
-86.773	33.583
-84.543	33.587
-112.302	33.594
-83.86	33.597
-117.671	33.6
-78.973	33.606
-80.351	33.608
-95.053	33.611
-85.961	33.613
-83.868	33.619
-85.844	33.621
-85.919	33.626
-112.333	33.631
-117.343	33.639
-84.326	33.645
-81.361	33.652
-85.832	33.66
-101.238	33.66
-95.386	33.661
-79.831	33.668
-94.131	33.674
-116.173	33.68
-78.887	33.689
-85.84	33.699
-117.196	33.709
-116.215	33.721
-90.551	33.726
-82.739	33.737
-116.412	33.74
-86.156	33.744
-116.971	33.748
-79.448	33.754
-118.353	33.757
-118.188	33.767
-117.941	33.774
-92.492	33.779
-86.003	33.783
-117.852	33.788
-84.306	33.79
-84.206	33.794
-117.145	33.801
-118.072	33.803
-102.163	33.811
-86.809	33.814
-118.036	33.817
-84.583	33.819
-116.544	33.83
-81.801	33.832
-79.048	33.836
-90.726	33.839
-96.502	33.853
-89.311	33.855
-84.684	33.859
-118.082	33.866
-117.924	33.87
-84.762	33.876
-117.52	33.878
-91.492	33.887
-84.143	33.89
-94.826	33.896
-88.999	33.898
-81.548	33.908
-98.493	33.914
-92.848	33.917
-79.744	33.918
-93.154	33.921
-86.023	33.924
-118.211	33.93
-97.116	33.937
-117.243	33.94
-90.945	33.944
-118.084	33.947
-98.668	33.951
-92.19	33.958
-118.041	33.961
-118.151	33.965
-94.168	33.967
-78.386	33.973
-118.032	33.979
-99.724	33.984
-118.184	33.987
-83.426	33.99
-117.516	33.993
-77.908	33.997
-81.035	34.001
-85.042	34.003
-95.509	34.011
-117.688	34.012
-86.747	34.014
-80.99	34.019
-117.864	34.02
-84.616	34.023
-95.869	34.027
-117.313	34.034
-117.943	34.045
-117.26	34.048
-80.961	34.054
-106.891	34.058
-93.69	34.062
-83.126	34.064
-102.524	34.068
-88.391	34.07
-118.399	34.074
-118.072	34.081
-81.183	34.086
-96.771	34.09
-118.105	34.096
-117.767	34.101
-117.934	34.107
-88.712	34.116
-94.016	34.119
-117.302	34.121
-96.263	34.127
-77.882	34.134
-117.864	34.136
-87.402	34.146
-117.998	34.148
-85.679	34.152
-118.651	34.16
-80.063	34.169
-97.143	34.174
-79.401	34.178
-102.134	34.183
-85.175	34.187
-79.763	34.195
-86.166	34.201
-83.031	34.205
-77.844	34.209
-88.664	34.213
-85.608	34.22
-80.689	34.227
-111.324	34.231
-102.41	34.233
-84.944	34.237
-80.607	34.246
-110.029	34.254
-88.703	34.258
-98.236	34.272
-81.619	34.274
-83.144	34.285
-91.338	34.293
-81.983	34.305
-89.944	34.311
-78.5	34.319
-88.491	34.324
-85.071	34.337
-79.166	34.346
-82.932	34.353
-86.295	34.358
-92.813	34.362
-84.934	34.369
-80.074	34.374
-118.53	34.385
-103.051	34.389
-82.247	34.398
-103.205	34.405
-91.706	34.422
-117.3	34.426
-84.7	34.436
-85.72	34.444
-119.242	34.448
-96.053	34.467
-82.671	34.471
-101.304	34.474
-98.383	34.481
-83.538	34.492
-82.014	34.499
-97.958	34.502
-99.141	34.503
-87.729	34.508
-83.527	34.511
-83.501	34.519
-86.895	34.525
-117.29	34.536
-112.468	34.54
-90.642	34.551
-90.913	34.556
-92.587	34.564
-80.902	34.575
-113.204	34.581
-80.676	34.593
-105.208	34.602
-98.39	34.609
-120.079	34.614
-82.478	34.618
-86.274	34.628
-97.817	34.638
-102.724	34.642
-89.305	34.646
-96.526	34.653
-106.776	34.663
-92.999	34.672
-79.195	34.68
-82.953	34.686
-91.314	34.693
-118.136	34.698
-82.465	34.702
-76.664	34.718
-82.781	34.724
-87.703	34.731
-80.088	34.736
-101.854	34.744
-95.048	34.751
-106.055	34.758
-87.699	34.765
-79.444	34.771
-79.463	34.774
-99.335	34.779
-91.746	34.783
-82.693	34.788
-86.972	34.803
-92.224	34.815
-98.244	34.823
-87.295	34.826
-82.602	34.83
-82.645	34.842
-82.394	34.853
-82.432	34.861
-118.163	34.864
-85.291	34.871
-83.958	34.876
-76.902	34.879
-79.694	34.885
-94.601	34.889
-94.091	34.898
-77.232	34.905
-91.11	34.913
-83.386	34.918
-81.743	34.923
-95.716	34.928
-83.777	34.933
-82.145	34.938
-79.774	34.939
-82.128	34.948
-95.08	34.951
-92.427	34.957
-81.968	34.961
-94.724	34.967
-87.371	34.969
-92.016	34.974
-85.286	34.983
-84.371	34.986
-106.049	34.99
-80.265	34.994
-78.324	34.998
-92.803	35.005
-91.251	35.008
-97.361	35.014
-81.975	35.016
-81.028	35.024
-78.795	35.032
-120.475	35.043
-85.672	35.048
-83.197	35.053
-94.623	35.054
-88.435	35.056
-91.879	35.071
-85.626	35.074
-96.399	35.08
-92.208	35.084
-77.035	35.089
-78.956	35.095
-120.611	35.099
-77.044	35.108
-91.822	35.113
-120.59	35.119
-95.371	35.123
-118.448	35.132
-97.394	35.139
-76.771	35.143
-96.67	35.146
-94.971	35.15
-107.843	35.152
-96.493	35.159
-106.642	35.162
-78.973	35.168
-79.393	35.174
-82.189	35.175
-77.321	35.187
-94.411	35.19
-106.701	35.201
-101.106	35.204
-86.079	35.21
-101.831	35.222
-96.67	35.224
-80.843	35.227
-100.599	35.233
-81.515	35.235
-97.406	35.237
-81.075	35.239
-94.62	35.241
-81.341	35.245
-112.19	35.249
-82.7	35.254
-88.988	35.256
-81.076	35.259
-97.119	35.261
-81.103	35.268
-81.21	35.275
-82.422	35.28
-81.284	35.285
-97.812	35.291
-93.634	35.293
-81.016	35.298
-78.609	35.306
-91.568	35.31
-81.176	35.316
-84.525	35.323
-89.616	35.326
-81.759	35.329
-94.173	35.336
-77.909	35.343
-80.2	35.35
-78.006	35.358
-81.929	35.36
-103.41	35.365
-85.391	35.371
-98.782	35.378
-119.109	35.383
-94.398	35.386
-78.816	35.399
-90.753	35.402
-80.117	35.406
-90.278	35.412
-81.643	35.418
-91.456	35.423
-81.502	35.429
-93.615	35.433
-80.621	35.434
-94.348	35.437
-93.388	35.441
-120.891	35.443
-86.789	35.449
-94.787	35.46
-85.654	35.467
-93.466	35.471
-94.222	35.478
-80.86	35.487
-82.989	35.489
-97.323	35.491
-95.305	35.494
-80.849	35.499
-97.762	35.507
-77.101	35.513
-88.245	35.515
-97.619	35.523
-108.742	35.528
-77.033	35.533
-82.529	35.534
-77.975	35.545
-98.578	35.549
-97.551	35.561
-97.287	35.566
-81.212	35.576
-80.81	35.585
-92.46	35.591
-82.554	35.601
-77.824	35.607
-77.373	35.611
-106.725	35.614
-82.321	35.618
-82.181	35.629
-82.582	35.633
-91.265	35.638
-78.01	35.645
-78.457	35.651
-82.026	35.658
-101.397	35.668
-90.507	35.674
-109.052	35.681
-105.937	35.687
-97.063	35.694
-96.881	35.702
-81.219	35.706
-78.614	35.711
-81.146	35.714
-81.471	35.727
-91.198	35.731
-80.677	35.733
-96.07	35.743
-81.685	35.745
-96.658	35.749
-83.971	35.756
-105.932	35.764
-87.784	35.772
-80.888	35.783
-83.554	35.788
-83.932	35.795
-84.256	35.797
-96.506	35.803
-76.897	35.811
-79.803	35.818
-77.256	35.824
-101.443	35.827
-96.391	35.831
-98.413	35.845
-77.056	35.854
-101.973	35.866
-92.118	35.868
-96.061	35.876
-84.509	35.881
-90.344	35.891
-77.536	35.897
-92.631	35.909
-81.539	35.914
-88.759	35.92
-85.464	35.926
-90.258	35.936
-77.21	35.944
-95.651	35.952
-75.624	35.957
-85.814	35.961
-83.188	35.967
-77.966	35.974
-88.941	35.981
-96.601	35.988
-79.936	35.994
-88.428	36.001
-93.186	36.008
-88.623	36.011
-87.967	36.021
-84.028	36.032
-88.244	36.038
-94.247	36.042
-90.975	36.05
-98.588	36.054
-102.513	36.059
-119.016	36.065
-79.792	36.073
-86.033	36.078
-93.741	36.086
-79.438	36.096
-80.419	36.097
-87.051	36.101
-84.132	36.103
-79.543	36.106
-87.633	36.108
-79.477	36.113
-86.766	36.117
-78.686	36.122
-82.425	36.131
-80.66	36.134
-120.359	36.14
-85.268	36.148
-88.801	36.153
-109.552	36.154
-81.872	36.163
-85.93	36.173
-77.667	36.181
-94.54	36.188
-89.656	36.193
-81.153	36.198
-95.168	36.2
-120.102	36.203
-119.346	36.208
-83.295	36.214
-76.464	36.219
-80.834	36.227
-88.824	36.233
-79.98	36.237
-85.952	36.242
-85.952	36.252
-89.192	36.259
-94.693	36.264
-95.854	36.269
-99.881	36.276
-83.515	36.281
-97.288	36.289
-80.142	36.295
-119.206	36.298
-88.327	36.302
-78.407	36.308
-95.616	36.313
-119.708	36.316
-86.713	36.323
-119.291	36.33
-94.461	36.336
-78.39	36.342
-109.617	36.353
-104.595	36.361
-96.001	36.368
-84.884	36.381
-92.581	36.384
-98.089	36.388
-82.412	36.392
-80.723	36.396
-100.802	36.4
-98.44	36.405
-79.967	36.412
-82.624	36.418
-94.453	36.422
-77.596	36.427
-77.912	36.434
-97.585	36.437
-83.6	36.443
-77.68	36.451
-100.537	36.453
-92.92	36.464
-82.261	36.474
-121.731	36.48
-77.442	36.49
-80.608	36.499
-88.874	36.504
-86.885	36.509
-89.613	36.519
-119.286	36.523
-87.359	36.53
-95.432	36.536
-119.286	36.545
-82.456	36.548
-82.468	36.556
-89.601	36.568
-99.572	36.574
-98.462	36.579
-77.2	36.583
-84.127	36.588
-121.834	36.593
-101.636	36.595
-121.894	36.6
-88.315	36.61
-90.823	36.621
-79.951	36.628
-95.154	36.639
-87.166	36.648
-119.593	36.659
-96.337	36.668
-93.869	36.677
-101.481	36.683
-83.111	36.689
-94.963	36.694
-78.1	36.7
-105.594	36.704
-99.893	36.71
-79.916	36.715
-84.471	36.723
-76.584	36.728
-102.513	36.729
-84.16	36.743
-86.191	36.753
-77.847	36.758
-83.695	36.762
-78.929	36.766
-89.386	36.78
-85.371	36.79
-81.683	36.798
-97.733	36.807
-89.861	36.813
-107.992	36.822
-76.299	36.835
-83.322	36.843
-89.685	36.847
-75.978	36.853
-86.71	36.864
-83.889	36.866
-95.096	36.874
-97.053	36.882
-89.538	36.891
-82.08	36.901
-93.571	36.905
-89.453	36.909
-89.351	36.921
-106.998	36.934
-94.004	36.944
-90.158	36.95
-94.788	36.954
-78.125	36.962
-82.923	36.966
-121.952	36.975
-82.298	36.978
-120.626	36.986
-86.444	36.99
-95.62	36.994
-91.014	36.996
-93.637	37.003
-91.323	37.01
-88.531	37.018
-93.473	37.03
-94.497	37.037
-94.473	37.041
-112.526	37.048
-122.014	37.051
-85.089	37.056
-95.359	37.06
-93.552	37.068
-94.459	37.077
-94.513	37.084
-81.855	37.087
-81.794	37.093
-93.818	37.104
-80.686	37.106
-89.198	37.114
-93.056	37.117
-120.259	37.123
-122.121	37.126
-92.263	37.131
-85.957	37.137
-94.463	37.146
-88.732	37.151
-92.941	37.158
-113.679	37.169
-82.631	37.173
-94.31	37.176
-85.907	37.179
-94.47	37.188
-89.736	37.197
-99.484	37.201
-93.84	37.215
-89.509	37.22
-121.974	37.227
-82.099	37.232
-87.159	37.237
-90.969	37.242
-81.271	37.253
-85.499	37.261
-76.018	37.268
-81.223	37.27
-85.891	37.272
-107.879	37.275
-79.897	37.281
-121.949	37.287
-87.123	37.294
-78.392	37.302
-89.518	37.306
-96.754	37.313
-79.258	37.321
-80.735	37.326
-82.721	37.333
-121.894	37.335
-92.907	37.339
-86.755	37.344
-108.585	37.349
-96.304	37.36
-81.103	37.366
-79.807	37.378
-89.666	37.382
-100.195	37.386
-120.612	37.389
-80.799	37.397
-102.614	37.408
-88.898	37.415
-81.243	37.42
-88.346	37.424
-122.253	37.43
-81.585	37.433
-82.805	37.445
-122.181	37.454
-122.197	37.461
-85.893	37.465
-121.129	37.472
-87.82	37.477
-100.843	37.482
-95.47	37.493
-91.857	37.499
-105.007	37.505
-95.661	37.524
-122.039	37.53
-75.823	37.532
-78.458	37.543
-87.984	37.547
-76.337	37.555
-122.27	37.559
-84.296	37.569
-85.74	37.574
-101.355	37.581
-79.052	37.585
-80.544	37.591
-120.865	37.597
-77.492	37.604
-81.867	37.614
-88.837	37.619
-104.78	37.624
-122.41	37.631
-76.575	37.638
-98.737	37.644
-98.113	37.646
-97.683	37.658
-82.772	37.666
-82.278	37.674
-95.457	37.679
-121.767	37.682
-85.222	37.685
-75.716	37.691
-122.085	37.694
-121.935	37.702
-82.184	37.711
-91.135	37.715
-122.155	37.725
-88.933	37.731
-120.934	37.736
-81.231	37.741
-84.295	37.748
-100.017	37.753
-77.48	37.759
-108.905	37.766
-81.209	37.771
-122.418	37.775
-97.536	37.779
-80.457	37.781
-81.266	37.783
-81.988	37.793
-79.791	37.798
-88.261	37.799
-122.27	37.804
-95.437	37.811
-82.807	37.814
-89.228	37.818
-121.276	37.823
-75.992	37.826
-86.633	37.833
-87.59	37.836
-94.708	37.84
-82.409	37.844
-99.756	37.85
-92.405	37.857
-84.662	37.862
-109.342	37.871
-89.114	37.877
-95.733	37.881
-89.495	37.888
-89.052	37.899
-88.129	37.909
-122.279	37.911
-95.17	37.916
-83.26	37.921
-95.4	37.924
-122.347	37.936
-86.902	37.937
-101.254	37.941
-83.626	37.951
-121.29	37.958
-80.69	37.963
-100.872	37.972
-121.694	37.974
-87.556	37.975
-101.133	37.98
-75.854	37.983
-100.989	37.986
-92.094	37.992
-103.531	37.997
-85.944	37.999
-89.658	38.007
-87.036	38.015
-122.288	38.017
-121.936	38.027
-79.034	38.03
-120.232	38.04
-77.347	38.049
-84.73	38.053
-91.403	38.063
-81.819	38.067
-97.345	38.072
-81.834	38.081
-83.126	38.086
-92.293	38.09
-81.324	38.099
-85.759	38.105
-82.603	38.114
-89.702	38.123
-121.271	38.13
-78.188	38.137
-93.727	38.14
-98.083	38.147
-121.242	38.152
-85.588	38.16
-83.429	38.162
-86.99	38.169
-94.711	38.178
-81.307	38.181
-87.71	38.188
-85.652	38.195
-88.684	38.198
-75.693	38.203
-91.16	38.208
-89.994	38.212
-85.74	38.213
-81.443	38.218
-90.379	38.221
-86.862	38.224
-97.773	38.232
-122.039	38.238
-78.111	38.245
-89.75	38.25
-76.964	38.254
-85.602	38.257
-76.454	38.267
-90.38	38.268
-85.584	38.272
-112.64	38.277
-80.853	38.281
-82.196	38.286
-122.457	38.292
-122.491	38.298
-91.633	38.302
-85.696	38.306
-122.481	38.314
-81.521	38.318
-121.821	38.324
-80.653	38.331
-85.654	38.334
-87.345	38.339
-85.616	38.345
-92.581	38.348
-94.761	38.35
-98.349	38.355
-75.6	38.361
-81.7	38.368
-86.345	38.376
-87.213	38.382
-93.334	38.391
-95.603	38.394
-94.351	38.398
-91.331	38.4
-96.181	38.404
-78.624	38.408
-80.558	38.409
-81.844	38.415
-75.688	38.42
-82.457	38.428
-90.378	38.433
-122.869	38.436
-92.992	38.441
-91.006	38.446
-75.578	38.456
-75.221	38.46
-101.752	38.47
-107.876	38.478
-76.778	38.481
-120.844	38.482
-81.348	38.489
-89.793	38.49
-121.408	38.496
-82.647	38.503
-81.84	38.509
-75.235	38.517
-88.005	38.521
-89.133	38.525
-99.308	38.531
-89.989	38.534
-82.683	38.537
-90.407	38.539
-85.768	38.542
-121.739	38.545
-90.493	38.549
-89.538	38.554
-75.572	38.556
-94.191	38.561
-77.328	38.568
-109.549	38.573
-122.449	38.576
-121.493	38.582
-98.411	38.587
-90.337	38.59
-85.318	38.593
-90.509	38.597
-89.807	38.604
-89.608	38.607
-91.219	38.608
-122.868	38.611
-87.354	38.615
-89.052	38.617
-90.589	38.618
-77.073	38.627
-90.319	38.629
-75.61	38.636
-84.561	38.638
-83.744	38.641
-90.093	38.65
-83.761	38.656
-90.423	38.661
-80.71	38.664
-86.791	38.666
-96.942	38.671
-91.769	38.675
-87.529	38.677
-93.093	38.68
-84.066	38.683
-90.308	38.683
-76.172	38.686
-90.287	38.691
-75.774	38.694
-76.848	38.697
-90.362	38.701
-77.228	38.704
-87.76	38.706
-90.293	38.708
-77.796	38.713
-87.861	38.717
-90.26	38.719
-82.958	38.721
-77.01	38.724
-87.682	38.729
-98.228	38.731
-90.08	38.732
-77.185	38.738
-108.068	38.742
-83.845	38.746
-77.083	38.748
-77.476	38.751
-82.869	38.755
-85.808	38.758
-90.314	38.765
-90.371	38.771
-112.083	38.773
-75.14	38.774
-75.31	38.778
-77.147	38.782
-82.979	38.786
-90.216	38.788
-77.272	38.793
-107.719	38.8
-76.99	38.803
-87.152	38.806
-82.203	38.81
-90.853	38.811
-76.946	38.814
-95.689	38.819
-121.192	38.821
-89.54	38.828
-77.197	38.83
-104.821	38.834
-97.611	38.84
-82.137	38.844
-90.076	38.848
-77.26	38.854
-104.917	38.86
-117.921	38.869
-77.156	38.872
-99.326	38.879
-77.301	38.881
-94.533	38.886
-89.845	38.889
-77.222	38.893
-98.859	38.895
-76.831	38.898
-86.525	38.901
-95.816	38.906
-75.428	38.913
-83.983	38.918
-88.661	38.921
-81.096	38.923
-79.847	38.926
-76.946	38.933
-74.906	38.935
-99.56	38.938
-76.965	38.941
-84.544	38.943
-119.97	38.946
-84.28	38.949
-76.578	38.952
-111.859	38.958
-89.094	38.961
-94.617	38.967
-112.323	38.969
-76.942	38.97
-97.022	38.972
-91.505	38.978
-79.95	38.979
-74.908	38.981
-94.671	38.982
-76.982	38.989
-88.163	38.991
-80.232	38.994
-90.738	38.997
-84.627	38.999
-121.021	39.001
-76.972	39.003
-76.876	39.004
-76.779	39.007
-121.422	39.01
-74.882	39.014
-94.281	39.017
-94.617	39.018
-84.44	39.022
-79.936	39.025
-77.077	39.026
-83.92	39.028
-96.831	39.029
-97.594	39.031
-76.908	39.035
-94.632	39.038
-90.141	39.04
-108.552	39.043
-95.678	39.048
-76.569	39.054
-76.936	39.058
-88.38	39.062
-108.55	39.064
-100.232	39.069
-84.473	39.072
-93.717	39.073
-76.958	39.076
-74.824	39.083
-77.153	39.084
-84.496	39.091
-84.548	39.093
-87.406	39.095
-94.578	39.1
-84.479	39.106
-87.656	39.109
-76.933	39.111
-85.088	39.113
-90.044	39.118
-90.328	39.12
-104.917	39.122
-85.289	39.125
-89.819	39.13
-75.525	39.132
-100.863	39.133
-103.469	39.136
-76.548	39.139
-77.202	39.143
-77.417	39.146
-121.666	39.149
-80.041	39.152
-74.693	39.153
-90.618	39.157
-84.307	39.159
-89.494	39.161
-87.199	39.163
-76.508	39.167
-84.294	39.175
-98.789	39.179
-93.88	39.185
-84.488	39.187
-106.817	39.191
-75.549	39.196
-83.612	39.202
-84.428	39.205
-81.052	39.209
-111.019	39.212
-84.456	39.215
-84.551	39.218
-84.587	39.223
-84.354	39.228
-84.378	39.232
-99.298	39.235
-120.026	39.238
-91.645	39.243
-114.888	39.248
-87.382	39.249
-106.292	39.251
-89.348	39.256
-84.82	39.262
-103.692	39.264
-84.523	39.268
-76.732	39.272
-88.244	39.274
-93.977	39.279
-80.256	39.286
-80.306	39.289
-83.989	39.293
-80.777	39.296
-75.605	39.3
-90.407	39.302
-102.269	39.306
-91.488	39.311
-77.628	39.314
-89.572	39.319
-83.691	39.324
-120.182	39.328
-87.882	39.336
-85.204	39.34
-78.757	39.342
-83.553	39.345
-86.667	39.351
-84.127	39.354
-93.496	39.358
-76.521	39.363
-76.796	39.367
-94.782	39.37
-104.856	39.372
-77.155	39.376
-94.581	39.387
-79.749	39.392
-86.563	39.395
-79.382	39.398
-75.868	39.404
-74.365	39.41
-121.712	39.413
-76.621	39.418
-89.456	39.42
-92.801	39.424
-77.804	39.43
-121.537	39.436
-98.694	39.439
-89.652	39.443
-89.781	39.446
-74.728	39.452
-77.749	39.458
-87.45	39.465
-76.83	39.469
-81.479	39.474
-74.576	39.478
-76.644	39.481
-90.371	39.484
-75.026	39.486
-87.267	39.492
-121.551	39.497
-78.769	39.503
-84.745	39.507
-98.433	39.513
-76.411	39.514
-74.486	39.521
-95.401	39.522
-111.59	39.525
-84.087	39.53
-80.344	39.531
-119.752	39.535
-86.369	39.539
-75.025	39.546
-94.33	39.548
-86.08	39.55
-84.233	39.552
-80.182	39.558
-76.072	39.56
-89.657	39.566
-84.816	39.568
-107.536	39.573
-75.589	39.578
-106.43	39.586
-97.399	39.591
-78.834	39.593
-110.81	39.599
-105.032	39.601
-74.341	39.603
-76.85	39.605
-75.834	39.607
-94.599	39.611
-105.016	39.613
-77.759	39.621
-111.439	39.626
-90.456	39.63
-105.317	39.633
-74.803	39.636
-106.374	39.64
-74.181	39.643
-86.865	39.644
-106.951	39.647
-81.862	39.649
-78.897	39.653
-83.564	39.654
-106.828	39.655
-83.735	39.658
-76.885	39.661
-79.406	39.664
-98.153	39.671
-89.704	39.676
-96.659	39.682
-83.93	39.685
-123.482	39.688
-77.745	39.693
-74.259	39.695
-89.123	39.701
-105.081	39.705
-91.207	39.707
-111.836	39.71
-88.997	39.713
-75.641	39.716
-82.987	39.718
-89.911	39.725
-75.468	39.729
-90.229	39.734
-104.323	39.738
-104.984	39.739
-122.013	39.743
-77.088	39.744
-92.564	39.747
-75.5	39.75
-79.081	39.753
-94.872	39.756
-89.654	39.757
-94.949	39.759
-93.804	39.762
-90.399	39.766
-99.031	39.767
-82.092	39.769
-98.785	39.779
-95.09	39.783
-75.979	39.785
-74.929	39.791
-123.247	39.793
-85.526	39.796
-87.986	39.799
-75.46	39.801
-82.806	39.803
-92.041	39.806
-77.012	39.807
-75.487	39.809
-120.468	39.811
-85.172	39.813
-75.156	39.817
-75.419	39.819
-104.933	39.822
-79.755	39.825
-75.415	39.828
-77.231	39.831
-96.064	39.834
-74.965	39.838
-75.074	39.839
-82.805	39.843
-77.559	39.844
-75.712	39.847
-86.802	39.849
-89.409	39.853
-89.242	39.854
-76.769	39.856
-75.345	39.86
-77.056	39.864
-75.179	39.866
-75.383	39.869
-75.065	39.877
-83.937	39.878
-75.324	39.881
-87.409	39.884
-90.008	39.888
-86.157	39.89
-75.284	39.891
-75.3	39.892
-79.747	39.893
-80.179	39.896
-83.087	39.898
-75.289	39.9
-75.35	39.902
-84.402	39.904
-87.821	39.91
-86.801	39.914
-75.388	39.917
-80.743	39.92
-88.572	39.922
-74.078	39.927
-74.944	39.929
-85.848	39.932
-82.473	39.934
-77.661	39.938
-75.256	39.939
-74.205	39.942
-79.996	39.945
-74.361	39.948
-86.262	39.951
-111.9	39.953
-75.997	39.955
-85.805	39.957
-75.606	39.961
-82.491	39.962
-75.251	39.963
-84.709	39.968
-81.537	39.97
-74.683	39.972
-111.784	39.976
-86.118	39.978
-77.25	39.983
-104.82	39.985
-90.763	39.987
-81.734	39.994
-86.62	39.996
-76.707	39.997
-79.998	40.003
-79.078	40.008
-75.015	40.011
-74.145	40.016
-80.734	40.018
-122.099	40.021
-80.1	40.025
-88.573	40.028
-90.961	40.031
-76.505	40.034
-88.957	40.036
-91.069	40.039
-87.639	40.042
-87.831	40.046
-86.469	40.048
-74.954	40.051
-80.629	40.053
-76.553	40.057
-87.638	40.061
-74.919	40.065
-82.52	40.068
-80.761	40.071
-79.898	40.076
-75.302	40.079
-89.738	40.083
-91.813	40.086
-87.06	40.088
-98.519	40.089
-75.912	40.094
-98.952	40.096
-79.587	40.1
-80.068	40.101
-85.68	40.105
-83.753	40.108
-76.504	40.11
-77.035	40.111
-87.263	40.113
-87.778	40.116
-84.354	40.117
-123.822	40.12
-82.011	40.121
-87.653	40.124
-79.867	40.125
-79.868	40.129
-111.578	40.13
-84.431	40.132
-99.829	40.138
-97.723	40.141
-74.712	40.146
-102.963	40.149
-74.214	40.15
-74.917	40.152
-88.964	40.154
-75.833	40.157
-79.067	40.16
-110.402	40.163
-80.7	40.167
-80.594	40.17
-80.238	40.174
-101.013	40.176
-74.022	40.178
-118.473	40.179
-79.824	40.183
-85.128	40.188
-85.269	40.192
-110.061	40.194
-88.404	40.195
-84.805	40.199
-84.809	40.202
-93.125	40.202
-75.1	40.207
-79.767	40.21
-76.124	40.211
-104.822	40.215
-94.538	40.218
-74.013	40.22
-83.558	40.223
-78.937	40.227
-104.072	40.231
-76.138	40.233
-100.417	40.234
-75.651	40.239
-76.057	40.241
-74.302	40.242
-88.643	40.243
-74.846	40.246
-99.633	40.248
-75.464	40.256
-74.274	40.26
-74.492	40.264
-96.747	40.268
-85.728	40.269
-80.61	40.272
-76.406	40.274
-76.848	40.275
-79.545	40.278
-100.165	40.282
-75.985	40.286
-87.294	40.288
-79.547	40.291
-87.249	40.294
-111.694	40.297
-75.181	40.299
-90.061	40.3
-73.993	40.304
-87.801	40.305
-75.966	40.308
-75.94	40.311
-83.916	40.312
-88.35	40.315
-74.016	40.318
-75.328	40.322
-80.578	40.325
-90.607	40.328
-79.641	40.329
-76.081	40.33
-75.948	40.334
-79.87	40.336
-76.476	40.337
-95.393	40.339
-111.72	40.343
-74.288	40.346
-74.659	40.349
-76.214	40.349
-76.135	40.352
-80.05	40.355
-74.039	40.361
-74.952	40.364
-74.943	40.366
-81.006	40.368
-75.202	40.372
-89.547	40.373
-82.397	40.376
-105.521	40.377
-86.089	40.379
-80.393	40.382
-122.28	40.386
-85.499	40.389
-111.85	40.392
-81.347	40.393
-82.486	40.393
-79.912	40.394
-80.033	40.396
-88.871	40.397
-79.89	40.398
-93.58	40.401
-73.992	40.404
-89.643	40.408
-79.839	40.409
-75.379	40.411
-79.02	40.414
-74.366	40.415
-86.875	40.417
-101.371	40.418
-74.561	40.421
-79.883	40.424
-89.779	40.426
-78.389	40.427
-74.2	40.433
-80.083	40.434
-84.38	40.437
-95.378	40.44
-75.342	40.442
-74.179	40.446
-83.189	40.45
-75.818	40.454
-74.361	40.459
-79.523	40.46
-80.601	40.464
-84.181	40.468
-95.733	40.474
-104.901	40.478
-99.126	40.478
-79.979	40.48
-75.758	40.482
-78.725	40.485
-86.134	40.486
-111.938	40.49
-79.861	40.493
-80.607	40.497
-75.97	40.501
-79.949	40.504
-85.826	40.508
-75.391	40.511
-107.546	40.515
-78.395	40.519
-92.528	40.521
-80.034	40.522
-97.596	40.527
-104.711	40.53
-83.521	40.534
-76.961	40.539
-78.788	40.543
-84.57	40.549
-80.193	40.551
-85.278	40.554
-90.866	40.556
-111.929	40.562
-87.893	40.565
-89.641	40.568
-74.633	40.569
-80.727	40.572
-81.086	40.573
-76.989	40.575
-74.412	40.579
-104.731	40.583
-79.532	40.586
-73.658	40.588
-74.472	40.589
-99.861	40.59
-79.556	40.596
-124.156	40.598
-75.396	40.601
-80.649	40.603
-95.658	40.604
-74.278	40.608
-111.899	40.611
-80.563	40.613
-85.505	40.617
-98.097	40.619
-90.462	40.621
-80.838	40.623
-103.207	40.626
-87.696	40.628
-89.333	40.63
-73.713	40.632
-104.755	40.636
-82.969	40.636
-74.451	40.638
-91.743	40.64
-102.626	40.641
-79.851	40.642
-73.696	40.643
-80.416	40.644
-89.591	40.647
-81.299	40.651
-84.151	40.654
-74.39	40.655
-74.3	40.658
-75.477	40.66
-78.78	40.663
-77.596	40.664
-74.265	40.664
-75.158	40.667
-111.938	40.668
-75.496	40.67
-84.519	40.673
-81.871	40.677
-73.418	40.679
-96.506	40.68
-122.37	40.681
-85.427	40.683
-80.329	40.684
-92.677	40.686
-80.272	40.687
-81.181	40.692
-73.508	40.693
-73.326	40.696
-73.426	40.698
-111.81	40.7
-74.231	40.701
-96.387	40.704
-83.921	40.706
-73.676	40.707
-90.266	40.711
-73.701	40.714
-73.322	40.716
-74.57	40.719
-76.116	40.719
-89.273	40.721
-81.522	40.724
-78.807	40.726
-76.086	40.729
-91.962	40.73
-73.186	40.732
-73.688	40.735
-114.037	40.737
-89.016	40.739
-75.31	40.74
-74.36	40.741
-88.881	40.743
-74.157	40.746
-89.574	40.747
-95.647	40.748
-86.872	40.749
-92.415	40.752
-86.069	40.754
-79.81	40.754
-73.645	40.756
-87.042	40.758
-82.59	40.759
-73.33	40.762
-73.016	40.766
-87.992	40.767
-74.146	40.768
-74.021	40.769
-73.718	40.771
-73.644	40.773
-97.05	40.774
-73.468	40.776
-74.024	40.779
-99.741	40.781
-76.231	40.784
-73.727	40.787
-82.737	40.788
-73.6	40.789
-83.643	40.789
-76.284	40.791
-77.86	40.793
-73.749	40.794
-89.197	40.796
-78.398	40.798
-81.379	40.799
-73.651	40.8
-72.79	40.8
-72.841	40.802
-74.99	40.803
-82.196	40.804
-73.704	40.807
-82.976	40.808
-73.079	40.812
-73.638	40.816
-80.014	40.818
-87.978	40.82
-74.481	40.822
-75.981	40.824
-78.351	40.825
-74.209	40.826
-83.281	40.827
-75.078	40.83
-115.762	40.833
-80.541	40.834
-73.132	40.835
-73.566	40.839
-72.582	40.841
-101.725	40.842
-73.702	40.845
-77.686	40.848
-76.82	40.849
-73.971	40.851
-74.043	40.853
-106.965	40.854
-73.47	40.857
-73.1	40.858
-79.896	40.861
-76.795	40.863
-76.553	40.864
-75.207	40.866
-87.364	40.866
-73.426	40.868
-75.255	40.869
-74.209	40.869
-74.734	40.871
-78.724	40.873
-73.577	40.876
-79.847	40.878
-75.184	40.879
-74.114	40.881
-121.66	40.883
-74.563	40.884
-74.044	40.886
-80.338	40.888
-74.195	40.89
-77.477	40.891
-74.582	40.893
-73.808	40.895
-74.093	40.899
-80.764	40.9
-74.062	40.903
-73.46	40.903
-84.297	40.906
-73.808	40.91
-90.647	40.911
-75.967	40.913
-84.703	40.917
-111.399	40.918
-84.057	40.919
-75.097	40.923
-73.963	40.925
-91.399	40.927
-75.915	40.928
-94.976	40.93
-72.415	40.933
-87.934	40.935
-73.833	40.938
-77.785	40.942
-73.07	40.946
-90.371	40.948
-74.154	40.949
-83.383	40.953
-74.498	40.957
-74.037	40.959
-73.068	40.96
-85.373	40.963
-76.613	40.963
-73.713	40.969
-117.735	40.973
-74.027	40.976
-73.684	40.981
-84.199	40.983
-79.613	40.986
-74.141	40.989
-72.535	40.991
-92.167	40.994
-72.293	40.998
-85.769	41.001
-79.332	41.002
-87.908	41.003
-73.785	41.005
-91.164	41.008
-81.863	41.01
-95.882	41.011
-73.873	41.014
-75.898	41.017
-95.799	41.019
-73.948	41.022
-89.411	41.025
-98.912	41.026
-89.438	41.029
-74.103	41.032
-93.765	41.034
-74.041	41.038
-96.368	41.039
-73.919	41.042
-74.023	41.047
-78.823	41.05
-80.608	41.053
-76.234	41.054
-96.644	41.057
-74.022	41.059
-89.773	41.062
-72.427	41.065
-85.014	41.071
-81.896	41.077
-73.47	41.079
-81.519	41.081
-76.864	41.084
-90.638	41.089
-89.865	41.094
-73.973	41.096
-90.943	41.099
-84.266	41.1
-72.36	41.103
-77.485	41.107
-112.025	41.111
-74.246	41.113
-90.164	41.115
-73.408	41.118
-87.861	41.12
-83.016	41.122
-74.17	41.124
-84.853	41.125
-85.129	41.131
-92.904	41.136
-95.891	41.137
-96.239	41.141
-89.06	41.143
-73.824	41.146
-73.99	41.148
-81.358	41.154
-75.979	41.155
-85.488	41.157
-81.454	41.159
-112.026	41.162
-73.205	41.167
-90.997	41.17
-111.976	41.173
-76.075	41.175
-89.658	41.177
-91.185	41.181
-80.766	41.183
-91.993	41.186
-97.425	41.192
-79.873	41.199
-90.587	41.203
-96.042	41.205
-73.892	41.208
-75.897	41.21
-80.497	41.212
-89.067	41.216
-73.057	41.222
-111.973	41.223
-96.488	41.228
-76.999	41.232
-79.538	41.234
-95.418	41.237
-85.853	41.238
-83.643	41.24
-81.553	41.241
-75.931	41.245
-83.236	41.246
-87.831	41.251
-89.342	41.254
-122.138	41.256
-80.472	41.259
-96.132	41.261
-88.212	41.265
-73.778	41.271
-98.966	41.276
-73.026	41.278
-72.816	41.279
-73.499	41.281
-81.097	41.284
-80.428	41.286
-99.381	41.288
-91.552	41.289
-72.377	41.292
-89.506	41.292
-88.271	41.294
-92.644	41.296
-90.193	41.304
-88.147	41.308
-74.229	41.31
-105.591	41.311
-96.346	41.313
-73.094	41.316
-90.506	41.319
-75.819	41.321
-83.439	41.324
-85.698	41.326
-75.774	41.327
-110.292	41.328
-80.726	41.33
-74.121	41.332
-92.204	41.333
-75.519	41.337
-86.31	41.344
-81.529	41.345
-74.127	41.347
-83.122	41.35
-71.967	41.354
-88.421	41.357
-81.813	41.361
-96.158	41.365
-85.239	41.366
-89.465	41.368
-83.942	41.371
-81.908	41.375
-76.025	41.383
-70.514	41.389
-72.86	41.391
-73.454	41.395
-73.618	41.397
-71.748	41.399
-74.325	41.402
-88.112	41.404
-92.916	41.408
-79.712	41.41
-81.566	41.415
-87.365	41.417
-87.742	41.42
-79.881	41.421
-122.385	41.423
-89.213	41.427
-88.229	41.429
-97.368	41.43
-96.498	41.433
-81.658	41.435
-81.864	41.441
-74.4	41.444
-86.148	41.446
-84.748	41.449
-81.664	41.45
-96.351	41.453
-70.604	41.454
-88.262	41.455
-122.894	41.457
-96.779	41.462
-83.706	41.465
-75.563	41.469
-81.145	41.471
-74.539	41.473
-93.679	41.476
-95.338	41.477
-86.692	41.481
-72.682	41.482
-74.218	41.484
-73.051	41.486
-87.568	41.488
-87.674	41.491
-75.537	41.495
-85.377	41.496
-72.901	41.499
-94.643	41.501
-72.451	41.503
-87.713	41.504
-88.114	41.506
-90.766	41.509
-87.966	41.512
-92.076	41.514
-83.804	41.519
-81.556	41.52
-81.338	41.522
-72.076	41.524
-88.082	41.525
-70.674	41.526
-87.424	41.528
-75.546	41.531
-81.579	41.533
-74.071	41.535
-88.583	41.537
-74.099	41.54
-87.685	41.543
-89.118	41.547
-84.142	41.549
-81.51	41.553
-84.769	41.556
-89.461	41.558
-73.603	41.562
-83.425	41.566
-91.264	41.57
-75.502	41.574
-72.333	41.576
-75.259	41.577
-92.845	41.578
-73.809	41.584
-92.527	41.586
-83.493	41.588
-88.922	41.589
-81.527	41.593
-93.708	41.598
-93.609	41.601
-80.306	41.603
-73.873	41.606
-122.839	41.608
-96.548	41.611
-90.173	41.614
-112.126	41.615
-83.712	41.622
-71.214	41.626
-79.674	41.627
-87.854	41.63
-87.661	41.632
-111.851	41.634
-85.922	41.638
-87.607	41.639
-99.371	41.641
-95.789	41.643
-88.622	41.646
-79.727	41.653
-73.875	41.656
-90.079	41.656
-70.817	41.658
-91.53	41.661
-87.661	41.663
-70.173	41.664
-111.181	41.666
-87.83	41.667
-87.739	41.669
-93.698	41.673
-90.34	41.675
-91.58	41.676
-72.171	41.679
-90.319	41.68
-85.977	41.682
-87.7	41.684
-88.981	41.689
-94.363	41.692
-74.052	41.695
-72.724	41.698
-93.048	41.7
-86.509	41.7
-70.25	41.702
-71.524	41.706
-86.534	41.71
-112.165	41.712
-89.329	41.714
-92.907	41.718
-83.713	41.719
-87.754	41.721
-91.79	41.723
-78.639	41.726
-122.527	41.728
-92.298	41.732
-111.834	41.736
-87.86	41.741
-70.658	41.742
-70.619	41.745
-77.301	41.749
-97.775	41.75
-70.494	41.759
-93.824	41.761
-87.8	41.763
-76.443	41.768
-71.129	41.769
-87.902	41.77
-88.774	41.772
-95.417	41.776
-71.438	41.78
-99.133	41.782
-88.147	41.786
-69.99	41.79
-86.744	41.794
-87.955	41.798
-86.611	41.799
-80.369	41.801
-81.049	41.802
-83.443	41.807
-87.793	41.809
-87.901	41.81
-72.921	41.813
-87.783	41.821
-90.648	41.824
-86.361	41.827
-86.254	41.83
-87.862	41.835
-94.107	41.839
-89.3	41.842
-90.189	41.844
-85.319	41.847
-87.964	41.85
-94.558	41.852
-93.922	41.857
-111.99	41.863
-80.79	41.865
-90.159	41.867
-71.553	41.871
-72.859	41.873
-93.823	41.877
-71.383	41.879
-87.883	41.881
-88.305	41.888
-87.989	41.89
-93.399	41.892
-92.278	41.897
-79.846	41.899
-87.857	41.901
-91.254	41.904
-80.691	41.906
-77.133	41.909
-86.01	41.912
-87.896	41.917
-91.781	41.919
-112.049	41.92
-91.417	41.922
-89.069	41.924
-73.998	41.927
-88.861	41.93
-87.989	41.932
-71.96	41.939
-85.633	41.944
-80.554	41.948
-73.511	41.954
-72.303	41.954
-87.871	41.956
-86.486	41.958
-85.325	41.958
-87.979	41.963
-90.818	41.964
-87.808	41.967
-88.007	41.975
-76.516	41.979
-98.083	41.983
-88.08	41.985
-73.989	41.986
-83.831	41.987
-70.976	41.99
-91.968	41.996
-76.538	41.998
-97.598	41.999
-79.811	42.004
-84.19	42.006
-91.644	42.008
-121.408	42.013
-94.377	42.015
-93.315	42.018
-94.545	42.023
-121.599	42.025
-73.33	42.027
-87.883	42.033
-91.682	42.036
-87.783	42.041
-101.042	42.043
-80.27	42.046
-72.583	42.05
-124.266	42.053
-70.179	42.058
-91.443	42.059
-86.495	42.065
-87.937	42.066
-76.155	42.069
-91.667	42.071
-70.881	42.075
-73.953	42.078
-71.019	42.083
-87.718	42.086
-85.235	42.089
-70.706	42.092
-92.676	42.094
-83.19	42.095
-79.236	42.097
-75.918	42.099
-77.234	42.103
-84.248	42.106
-85.974	42.108
-79.283	42.109
-76.021	42.113
-72.114	42.116
-85.533	42.12
-72.432	42.124
-89.256	42.127
-80.085	42.129
-75.897	42.133
-87.929	42.139
-71.25	42.142
-77.112	42.146
-84.038	42.15
-89.74	42.155
-72.329	42.158
-93.297	42.161
-83.403	42.163
-95.793	42.166
-85.847	42.167
-75.13	42.169
-78.948	42.173
-87.8	42.182
-86.261	42.187
-120.345	42.189
-87.866	42.193
-122.708	42.195
-88.093	42.197
-88.214	42.201
-83.485	42.205
-121.736	42.207
-76.494	42.21
-72.346	42.213
-83.194	42.214
-78.276	42.218
-87.979	42.219
-83.397	42.222
-92.874	42.225
-75.527	42.228
-96.228	42.233
-72.142	42.235
-83.27	42.241
-71.167	42.242
-71.993	42.244
-84.401	42.246
-88.608	42.249
-78.806	42.253
-73.367	42.254
-83.211	42.258
-88.139	42.259
-71.803	42.263
-89.826	42.265
-94.734	42.268
-104.741	42.27
-95.093	42.271
-78.673	42.275
-74.916	42.278
-94.291	42.281
-87.953	42.283
-91.781	42.287
-88.225	42.29
-79.1	42.294
-73.999	42.299
-93.3	42.306
-72.208	42.313
-75.392	42.315
-95.598	42.316
-88.258	42.319
-85.18	42.321
-79.578	42.322
-83.4	42.324
-87.841	42.326
-88.199	42.329
-83.046	42.331
-77.318	42.337
-72.506	42.34
-79.31	42.344
-71.553	42.346
-90.007	42.35
-73.285	42.356
-97.596	42.36
-87.845	42.364
-88.293	42.368
-72.599	42.371
-82.938	42.376
-97.357	42.379
-88.14	42.381
-95.866	42.388
-71.567	42.392
-91.761	42.394
-88.184	42.397
-86.274	42.403
-124.421	42.408
-71.054	42.408
-72.531	42.41
-71.157	42.415
-90.429	42.417
-94.989	42.422
-71.067	42.425
-76.495	42.429
-82.924	42.433
-82.877	42.437
-79.332	42.44
-84.924	42.441
-82.907	42.444
-71.225	42.447
-71.138	42.452
-71.067	42.458
-83.135	42.461
-95.152	42.461
-83.376	42.464
-97.906	42.467
-82.956	42.468
-92.281	42.469
-83.142	42.471
-91.734	42.473
-72.608	42.477
-71.153	42.479
-83.476	42.481
-83.028	42.485
-95.545	42.489
-92.343	42.493
-89.989	42.496
-88.33	42.498
-96.4	42.5
-83.184	42.503
-89.032	42.508
-83.273	42.516
-83.306	42.522
-71.76	42.525
-92.445	42.528
-114.305	42.53
-88.599	42.531
-78.423	42.534
-99.7	42.536
-71.049	42.539
-79.167	42.544
-75.246	42.549
-88.294	42.554
-88.865	42.558
-71.59	42.561
-77.59	42.568
-90.231	42.573
-88.105	42.578
-77.943	42.579
-76.209	42.582
-92.884	42.584
-76.367	42.588
-83.599	42.594
-72.227	42.596
-91.642	42.599
-76.181	42.601
-85.093	42.603
-95.003	42.606
-72.076	42.608
-88.482	42.612
-70.663	42.616
-113.676	42.619
-97.264	42.623
-79.067	42.624
-96.291	42.628
-70.783	42.632
-74.564	42.634
-83.291	42.639
-73.743	42.643
-92.463	42.646
-111.604	42.654
-78.086	42.661
-93.904	42.664
-71.706	42.667
-88.544	42.673
-76.823	42.676
-70.842	42.679
-89.019	42.683
-91.534	42.684
-88.051	42.688
-73.869	42.691
-87.894	42.698
-89.867	42.701
-71.164	42.707
-76.422	42.713
-78.006	42.716
-82.492	42.719
-94.215	42.721
-77.874	42.726
-97.495	42.729
-84.556	42.733
-90.334	42.736
-88.224	42.741
-124.496	42.746
-92.975	42.752
-75.885	42.758
-84.993	42.762
-71.468	42.765
-83.264	42.77
-88.944	42.776
-73.846	42.78
-87.766	42.784
-91.099	42.786
-85.517	42.789
-96.165	42.794
-112.253	42.796
-83.013	42.803
-89.862	42.81
-94.527	42.813
-89.635	42.814
-83.944	42.823
-95.807	42.826
-75.545	42.827
-108.73	42.833
-84.178	42.839
-70.861	42.842
-93.614	42.846
-72.558	42.851
-91.405	42.854
-89.538	42.86
-88.333	42.867
-91.236	42.869
-71.952	42.871
-100.551	42.873
-73.197	42.878
-71.328	42.881
-90.923	42.885
-78.578	42.891
-73.928	42.894
-75.641	42.899
-78.671	42.901
-73.563	42.903
-77.612	42.905
-85.792	42.907
-87.861	42.911
-83.985	42.912
-89.218	42.917
-89.384	42.926
-84.799	42.929
-74.623	42.931
-88.405	42.934
-88.049	42.938
-91.95	42.939
-87.996	42.941
-83.124	42.946
-77.591	42.952
-74.286	42.955
-77.058	42.958
-78.406	42.96
-91.808	42.963
-92.199	42.965
-90.433	42.972
-96.318	42.975
-70.948	42.981
-76.341	42.983
-85.071	42.987
-71.455	42.996
-78.188	42.998
-75.977	43.002
-88.377	43.004
-74.368	43.007
-89.738	43.009
-82.928	43.013
-88.473	43.014
-91.183	43.018
-96.631	43.021
-102.556	43.026
-71.075	43.033
-71.184	43.036
-87.906	43.039
-91.178	43.044
-76.239	43.047
-76.563	43.049
-91.389	43.052
-76.208	43.058
-88.404	43.061
-86.228	43.063
-124.138	43.065
-78.27	43.066
-92.15	43.071
-75.288	43.073
-76.001	43.076
-78.187	43.077
-96.175	43.08
-88.912	43.081
-76.87	43.084
-90.883	43.085
-93.99	43.088
-77.515	43.091
-71.466	43.097
-88.402	43.098
-74.773	43.101
-88.459	43.104
-88.069	43.106
-88.392	43.112
-87.9	43.113
-89.379	43.118
-85.56	43.12
-94.899	43.129
-72.444	43.133
-76.13	43.135
-95.144	43.141
-91.764	43.146
-93.201	43.154
-75.333	43.157
-123.367	43.161
-83.524	43.166
-78.691	43.171
-87.924	43.174
-73.058	43.177
-85.253	43.178
-87.901	43.181
-99.292	43.183
-84.115	43.185
-96.133	43.189
-88.729	43.195
-78.576	43.199
-77.693	43.21
-77.939	43.214
-76.815	43.221
-75.062	43.226
-76.301	43.231
-108.11	43.236
-87.979	43.238
-72.425	43.239
-75.257	43.242
-76.724	43.247
-89.501	43.251
-82.818	43.259
-73.585	43.267
-76.989	43.272
-83.53	43.281
-89.724	43.287
-85.081	43.293
-72.483	43.298
-96.593	43.301
-70.976	43.304
-96.432	43.307
-89.526	43.314
-87.953	43.32
-95.15	43.325
-78.555	43.33
-90.387	43.335
-89.015	43.338
-124.204	43.356
-92.554	43.364
-83.583	43.372
-92.114	43.381
-89.045	43.384
-87.876	43.387
-90.774	43.395
-97.136	43.398
-88.533	43.4
-124.223	43.407
-84.329	43.41
-71.986	43.414
-86.357	43.417
-82.83	43.42
-88.183	43.425
-96.176	43.427
-103.474	43.432
-93.221	43.444
-88.631	43.451
-88.837	43.458
-114.26	43.464
-111.966	43.47
-89.77	43.474
-85.444	43.491
-88.545	43.494
-87.85	43.5
-90.668	43.506
-70.378	43.517
-91.769	43.521
-84.123	43.525
-96.358	43.528
-93.712	43.536
-116.563	43.541
-85.772	43.55
-73.404	43.556
-119.08	43.564
-83.514	43.568
-93.281	43.573
-75.346	43.583
-88.444	43.591
-111.963	43.596
-83.175	43.601
-72.973	43.611
-116.933	43.618
-116.237	43.622
-75.368	43.625
-91.497	43.635
-72.144	43.641
-76.086	43.644
-90.344	43.652
-83.466	43.654
-71.501	43.658
-91.218	43.662
-94.619	43.667
-111.914	43.673
-70.372	43.677
-88.546	43.686
-112.01	43.696
-95.468	43.699
-92.572	43.706
-98.029	43.709
-98.485	43.716
-111.111	43.723
-70.208	43.735
-90.779	43.742
-87.977	43.749
-91.346	43.759
-93.329	43.764
-86.433	43.782
-89.32	43.791
-123.058	43.798
-83.001	43.802
-99.33	43.811
-96.706	43.826
-83.27	43.83
-87.82	43.834
-93.832	43.842
-92.189	43.846
-69.629	43.852
-70.104	43.857
-95.6	43.871
-116.498	43.874
-84.485	43.882
-94.156	43.888
-75.674	43.893
-85.258	43.901
-88.036	43.913
-87.747	43.915
-72.666	43.925
-94.929	43.939
-76.119	43.946
-94.794	43.958
-89.817	43.971
-90.504	43.979
-96.814	43.983
-95.756	43.988
-70.061	43.996
-91.442	44.006
-97.526	44.011
-107.955	44.017
-90.074	44.026
-88.163	44.029
-101.665	44.039
-82.994	44.046
-123.35	44.049
-123.086	44.052
-121.314	44.058
-92.756	44.069
-88.525	44.076
-98.569	44.079
-69.799	44.087
-70.232	44.098
-85.147	44.103
-94.904	44.11
-93.708	44.116
-90.998	44.131
-88.164	44.14
-72.038	44.152
-75.709	44.154
-92.171	44.165
-94.034	44.173
-73.436	44.184
-75.607	44.199
-93.815	44.204
-70.545	44.214
-123.204	44.219
-91.835	44.228
-95.619	44.233
-87.641	44.239
-86.324	44.244
-88.865	44.26
-104.95	44.263
-92.985	44.272
-94.187	44.276
-96.134	44.278
-88.318	44.28
-121.548	44.291
-90.851	44.295
-69.978	44.305
-89.904	44.313
-88.934	44.321
-88.163	44.326
-75.918	44.336
-106.698	44.348
-100.373	44.354
-86.205	44.364
-100.351	44.368
-89.817	44.384
-97.55	44.388
-88.74	44.393
-95.256	44.402
-103.509	44.41
-94.925	44.417
-89.78	44.424
-90.124	44.439
-95.788	44.447
-90.841	44.451
-93.161	44.458
-88.92	44.464
-70.189	44.475
-70.2	44.481
-73.111	44.491
-84.592	44.498
-92.905	44.507
-116.041	44.516
-99.441	44.521
-93.908	44.528
-70.456	44.534
-95.117	44.539
-68.42	44.543
-94.984	44.551
-90.596	44.56
-123.261	44.565
-96.902	44.575
-89.767	44.591
-90.963	44.6
-75.408	44.618
-93.768	44.623
-92.192	44.629
-123.105	44.637
-73.111	44.64
-83.295	44.656
-74.982	44.67
-91.12	44.68
-73.453	44.699
-69.791	44.713
-123.009	44.72
-116.437	44.73
-85.176	44.734
-88.445	44.74
-68.838	44.744
-74.995	44.751
-85.621	44.763
-94.895	44.768
-93.781	44.772
-92.146	44.781
-95.351	44.787
-95.097	44.792
-106.956	44.797
-122.793	44.801
-124.062	44.809
-92.071	44.813
-122.793	44.83
-108.389	44.838
-122.952	44.843
-93.787	44.851
-93.661	44.859
-93	44.866
-107.262	44.875
-68.673	44.883
-94.041	44.884
-93.35	44.89
-97.115	44.899
-93.566	44.903
-93.593	44.909
-116.098	44.911
-123.316	44.919
-74.892	44.928
-68.646	44.934
-93.666	44.937
-123.034	44.943
-88.047	44.951
-95.366	44.955
-89.63	44.959
-93.847	44.964
-93.604	44.971
-92.436	44.979
-92.556	44.984
-123.025	44.99
-72.4	44.994
-120.215	44.998
-72.099	45.005
-93.349	45.01
-95.238	45.016
-93.088	45.027
-93.36	45.033
-93.263	45.041
-93.156	45.05
-92.806	45.056
-94.073	45.061
-93.202	45.066
-93.456	45.073
-93.147	45.079
-93.734	45.088
-123.394	45.099
-93.208	45.105
-123.206	45.116
-92.536	45.123
-90.34	45.139
-122.854	45.144
-93.666	45.156
-93.089	45.16
-93.874	45.172
-69.228	45.183
-93.397	45.189
-117.864	45.209
-96.635	45.219
-88.008	45.233
-93.654	45.238
-123.114	45.244
-122.691	45.263
-122.333	45.29
-122.773	45.3
-96.444	45.305
-107.363	45.314
-85.258	45.318
-94.546	45.326
-92.997	45.336
-117.229	45.354
-122.606	45.358
-84.955	45.373
-122.763	45.384
-122.26	45.398
-122.752	45.402
-92.033	45.417
-117.278	45.426
-84.787	45.444
-122.529	45.447
-99.654	45.453
-94.429	45.456
-96.433	45.46
-89.73	45.471
-92.962	45.485
-122.866	45.494
-95.124	45.501
-100.032	45.506
-123.888	45.523
-92.019	45.532
-90.286	45.546
-117.916	45.565
-96.173	45.572
-122.352	45.583
-94.166	45.592
-123.942	45.614
-94.57	45.63
-84.474	45.647
-110.56	45.663
-122.56	45.667
-118.788	45.672
-90.4	45.697
-93.171	45.723
-107.611	45.733
-87.064	45.745
-99.619	45.769
-119.216	45.781
-92.381	45.786
-96.499	45.804
-100.81	45.814
-91.889	45.823
-100.069	45.835
-122.841	45.841
-122.405	45.866
-92.367	45.878
-122.806	45.89
-89.244	45.917
-102.159	45.941
-94.104	45.982
-102.636	46.001
-92.944	46.011
-99.379	46.031
-88.631	46.064
-97.151	46.076
-94.503	46.091
-91.825	46.099
-94.948	46.13
-122.937	46.138
-95.329	46.153
-103.394	46.183
-123.382	46.203
-97.662	46.226
-112.12	46.237
-97.456	46.259
-106.677	46.266
-118.152	46.271
-96.077	46.283
-111.52	46.319
-117.047	46.339
-91.822	46.353
-94.201	46.358
-115.937	46.376
-120.261	46.402
-105.84	46.408
-90.246	46.428
-95.136	46.443
-92.762	46.454
-89.94	46.475
-93.958	46.482
-122.937	46.491
-114.092	46.51
-93.71	46.533
-116.924	46.551
-122.274	46.559
-122.907	46.575
-90.884	46.593
-94.309	46.603
-95.089	46.63
-122.963	46.662
-68.016	46.681
-122.953	46.716
-95.701	46.728
-116.999	46.733
-89.584	46.754
-67.834	46.772
-117.249	46.791
-100.783	46.808
-119.174	46.826
-99.916	46.855
-122.265	46.868
-96.767	46.874
-96.789	46.877
-102.315	46.884
-124.103	46.89
-119.629	46.901
-104.004	46.918
-92.919	46.929
-119.039	46.968
-123.601	46.981
-120.547	46.997
-91.671	47.023
-109.428	47.063
-122.203	47.098
-101.299	47.116
-119.277	47.13
-100.783	47.159
-122.185	47.177
-120.938	47.196
-117.071	47.223
-122.549	47.236
-122.356	47.239
-122.443	47.253
-122.249	47.265
-93.428	47.289
-93.419	47.296
-122.002	47.309
-101.381	47.321
-116.888	47.335
-94.604	47.379
-110.925	47.386
-97.062	47.404
-98.124	47.444
-92.54	47.463
-115.927	47.474
-122.293	47.484
-92.884	47.489
-97.37	47.498
-92.138	47.52
-92.536	47.523
-92.237	47.53
-96.28	47.536
-116.181	47.543
-122.631	47.568
-122.707	47.583
-122.692	47.6
-122.199	47.611
-122.067	47.623
-97.453	47.64
-121.913	47.648
-118.149	47.654
-117.425	47.659
-99.138	47.68
-114.162	47.694
-116.951	47.718
-97.566	47.734
-122.28	47.757
-122.345	47.761
-97.109	47.774
-122.382	47.796
-116.896	47.813
-122.281	47.822
-121.97	47.856
-96.274	47.882
-97.365	47.919
-119.002	47.942
-99.53	47.963
-122.201	47.979
-119.902	48.051
-123.101	48.08
-109.048	48.098
-123.429	48.118
-111.945	48.17
-96.773	48.197
-114.275	48.226
-121.6	48.256
-99.437	48.289
-102.39	48.317
-107.874	48.36
-114.181	48.373
-97.741	48.399
-97.41	48.412
-122.324	48.476
-110.967	48.511
-121.745	48.539
-97.178	48.571
-93.411	48.601
-99.841	48.661
-119.438	48.705
-122.487	48.76
-104.562	48.775
-100.061	48.813
-122.59	48.847
-101.02	48.909
-119.434	48.939
-122.264	49
